# Data sample file
# This is a comment line
// This is also a comment line
// ./rjmcmc [Dataname] stepnumber
// All variables should be capitalized
// All white spaces can be space or tab or return
// Also blank lines are tolerated
// Real data from Wei Huang
// File generated by Xiaoyi Cao	 2012/1/31
TIMEPOINTS 4
GENES 10
TOTAL_SAMPLES 65
SAMPLES_BY_TIME
10 15 20 20
K0 10
K1 1000
BUILD_FOREST TRUE
DATA
3.99232498712788 4.01054732842968 3.99439520314316 1.31742805157309 0.808361889557798 0.634528197883523 -0.194911877584237 -1.58831573947292 0.326844357035734 0.948332526449156
4.00211738664839 4.00316252387031 3.98851000711873 1.99459866034257 -0.800926874968864 -0.0421450003070314 1.77657168286829 -0.764527783074464 -0.968890974124957 -0.321868795154685
4.00995777608394 3.99771424355292 3.9963752744429 -0.0780873555782953 -0.89214721006394 0.196066804413633 -0.143597604746576 0.0990770312475208 -0.49774888344653 -1.03594535370969
3.99566142758993 4.00182556860848 3.97366795001609 0.791318386082581 1.31853357373728 0.52878417671624 -0.649355197967835 -1.16858270281048 -1.36559986357346 0.83540320054699
3.99480106712304 4.0096418560064 4.01305675792509 1.50726141644135 -0.344124596639782 -0.442373206437796 -3.00847606991256 -1.33997145699111 0.929848627911872 -0.0939395525054539
-3.99556028210985 -3.97577854652336 -4.01128540169453 -0.1450672244673 -0.321683257843762 -0.706513650893416 -1.13525831130045 -2.27234258447014 -0.878631917568869 0.15899016203298
-3.99692691346838 -4.0133315524237 -4.01270868478801 -0.533749907613182 0.52517983249185 -0.0941345381374962 0.220519454017442 -1.77576482204409 -0.890266087279838 0.676456723731588
-3.98625023157076 -4.02326123222016 -4.00466056571437 1.61217208868409 -0.32736078599529 1.2578558144987 0.973799859715821 1.17716555838399 0.462717802972849 1.35776693584897
-4.02424475503156 -4.0002469651332 -4.00435953270201 -1.77982877543493 -0.934611781568576 0.286657968118779 0.351463655589885 -1.16456762008355 0.255302839622187 -1.3733756102729
-3.99998186797197 -3.99247385390863 -3.99487198742772 -0.160763736678662 1.4921909599146 1.02694111927077 -0.681247346479969 -0.0458121690975943 2.55502529238846 0.502567204370022
4.0215253567117 3.99614377033459 3.98171261810897 0.196333714315211 1.07056052190707 -1.15334278120583 -0.793198074059928 1.4873849753465 -0.141935489465929 -0.0687907285434588
3.98680033807027 3.99540057650247 3.99708110770562 3.05860778736093 -0.995165897822654 1.28972442793427 -0.15576362203064 -1.29700037901069 0.28912713707913 0.711652741591525
3.99063419411407 3.99971631248024 3.98935998437697 0.127053482276585 1.16351616674447 -1.11485839788499 -1.04553418405055 -0.29553014514653 0.0151049880628656 0.168954647820238
4.0006125605375 3.99110811479429 3.99850084907782 -0.766776588041985 -1.22295803964675 -1.02414397970535 -0.0149359184283873 0.307064689966582 0.415979547424253 0.201965179211552
4.00569651483498 3.99878130401096 4.00779379499039 0.895953639279433 -0.242333279820914 1.82481715248791 -0.255172358285898 0.615915485465336 -1.41922448578616 0.0693947514875729
-3.98065470984949 -3.99045915501232 -4.01490455980972 -0.351867081838671 0.240516458950241 -1.31522167716346 1.14981362319828 -0.810771776900348 -0.162806240021849 0.519014441655506
-3.99588786789886 -4.00347775547425 -3.99575401469938 0.878544139295718 -0.848629424673002 0.768780234848278 -0.706359612802218 1.0489914338775 1.21816270199378 0.666698038261023
-3.99335224732961 -3.97950894959311 -3.99594668539175 -0.553344090844474 -0.519737456935539 -2.14560446352524 0.792136520683016 -0.261015501830556 2.62386516768826 -0.488818369857143
-4.00983561969984 -3.99119641927445 -3.98808010683756 -0.000681219344709005 0.767526891017247 0.175897968004224 1.0165133376977 0.639656385106838 0.486747798979559 -0.567581740980469
-3.99676483400102 -3.99664696643362 -3.99319010413531 -0.0222812687122302 0.626930245358394 0.10455836665557 -0.980907709202539 0.251481878292556 2.52943497243382 -0.197346975355525
8.01184968701722 8.00007193893738 7.98709681658953 0.133623963489588 1.24255422398032 0.638018662011512 -2.13602602577964 -0.491207230252103 -1.12680312886538 -0.5577665633632
7.99986022307654 8.0047838072638 7.99698786691003 0.732701059185651 -0.207991310829184 -1.08739363952902 0.277920607954575 0.407603732338646 1.0856874924835 1.75513469704289
8.00036796670101 7.98592011717518 7.99673162591059 1.09823609256502 1.27403367351711 -1.97336412751463 0.330612031487285 -1.4245438993636 0.121352942908161 0.276909590540055
7.99159031030589 8.01651827284576 7.9866240018632 -0.691372934765694 -0.528376901900418 0.921548844941117 -0.178095116443199 0.214412130887354 0.656107207453529 1.1985609207433
7.99251901859131 8.00088376225269 7.99176618877349 2.24228073478754 1.88920550034779 -1.46497418307898 0.400533278154627 -1.89296352168287 0.267681452225038 0.302820353505011
3.98296724711332 4.01183157032751 3.98231292629362 0.46881567986718 -1.10527287161289 0.366513585294011 -0.114664092387948 0.743772064718521 -0.642952646393207 0.193098222964025
3.99718520558935 4.00408032707667 3.9968177474825 -1.56066686624019 -0.796085041571472 -0.474544239073703 -2.36869061199345 0.782142376217047 0.537573261052863 -0.70294710826918
4.00710081119484 3.98991589726079 3.96770086690161 0.320976107347112 0.05310905267057 -0.912054245329397 1.14216275977424 -1.08641544597442 -0.309083801376665 -0.974915672881941
4.00996753739506 4.01477763840373 3.99931705490226 -1.55784378755069 -0.365026407778923 1.23035301638936 -0.12674206750768 -0.179973357611323 1.86002239275861 -0.607242555629745
3.99710006300924 3.98666591976472 4.00156918476711 1.39669521325276 -2.10584926125719 -1.13859207985348 -1.6537102589072 -0.135515392483949 -0.0199936350526323 0.833166715864819
-4.01389434047139 -3.97901969254296 -3.99881928864314 -0.763940885459035 -0.277048668716901 -0.180277251859318 -0.0930348070685042 -1.83140196673955 -0.892977651818639 1.49849689098513
-3.99874512725324 -3.99169071538375 -4.02893688364162 0.0678134724190041 -0.305971322215775 1.51982439429312 1.46193719489959 -1.36974650676578 0.309759290386835 0.0660050485432398
-3.994078048302 -4.00073325774281 -3.99279761900883 -1.22955387782593 1.53836070032277 -0.366545344175465 -0.370646252678352 0.459463117817585 0.134212115809871 -1.29929938971443
-4.00087880911089 -3.97671393476353 -3.98721666836933 0.538262958179862 -1.75377519126102 -0.40130164424501 0.364644105418567 0.312222684914515 -1.02219913223909 -0.680698255722954
-4.00894889688339 -4.00939291980779 -3.99258978013153 0.584425229535013 -1.0249359857142 0.0872570433863479 0.975869684184123 0.0863092150191992 -0.657150522882512 0.524038839141746
7.99225107892063 8.00497340482165 7.98356310783665 -0.0396830404588141 0.946295286560889 0.248032081708357 0.891596487092956 2.26886857085782 1.1939274300854 -0.378573882271426
8.00006073116302 7.99028135323684 8.00004318226558 0.870085567342246 0.57210010909312 0.115610055786822 -0.961215646496138 -0.0808663745336758 1.5813280527499 -1.26647721367118
7.99909275135566 7.99744097459166 7.99544724753672 2.80557494515628 1.69712642955217 0.53930774653733 -0.0410013608062554 -0.205257672214244 0.758665921225653 -1.61953676478605
7.98646496544568 8.00323792709526 7.99760022981619 -0.977944909109111 1.67407935686877 0.470734793245531 -0.488498019418122 0.453854764581489 0.764493413990061 0.591822601518995
7.99836052444033 8.0162003740112 8.00711840165275 -0.950087716642228 0.320164618648043 -1.43507821472687 -0.290664487825628 0.821294082054134 -0.658388060131763 -0.975279173833829
-8.00011104368807 -8.00701864118312 -8.00002684326557 0.439300812450065 -1.49826209775215 0.318341764555419 0.668108864243894 0.0378032168099861 0.247581398692779 -1.10582788950094
-7.97426664914726 -8.00947045404928 -7.99948884363431 1.57341222589439 -1.02513332643269 0.597945460391792 -0.920156523685896 -1.53825681734109 0.73274454366713 0.412350475619699
-8.00152617129559 -7.98848686729065 -7.9916363093828 2.51840033481047 1.3838435866376 -0.370395231279161 1.49616552270953 -1.63864243617051 0.19601815780976 -1.46077772365779
-7.9843988681016 -7.99431658553459 -8.01503024512403 -0.807163073262566 0.0996531940611733 0.360862542125474 -0.143349121061955 -0.0848003761196283 1.8498978709603 -0.372711370033582
-7.9932281284074 -8.01405025053434 -7.99450583702017 -0.0739976959561892 0.0642092234865404 0.971552469910375 -0.207611940026593 0.00325335597362757 0.115933494778617 1.13960253898734
3.97452516058245 4.00495965309236 3.99878351237171 0.165265389305197 0.128689121611607 -0.333121703007205 1.51485711710118 -0.249470678192523 -1.08877780071676 -0.732359487070249
3.99237461522031 3.99497825245238 3.99937459518016 -0.536664105365505 1.57201395999844 0.97405183448898 1.12465892016733 -0.848162801582198 -0.108525695499225 1.10688366351
3.99878547630982 4.00714530553071 3.99270190886158 -0.792199296818465 -1.14247308470053 -1.68089117017765 -0.468397019903223 0.185632601166814 1.57627974278193 -1.22755294522075
4.00994102176405 3.98646691778566 3.99916216176516 1.09773266773515 -0.354489168344006 0.937595333103233 -0.115121154149166 -0.584273456543023 0.489552498503289 -0.557240091926271
3.99438412154911 3.99262676593737 3.99809882725337 0.0595541935369423 1.31955349715629 0.0583493424911956 -0.651072269832078 0.305233390441711 0.482817984488496 -0.126752052402118
-3.99453565340689 -3.99852261647414 -4.00119254549922 0.0600966955314 -0.443861148057356 1.06137945276534 -0.262004990288695 1.5735106070186 -1.26868975823534 0.810103427207173
-3.9839194600946 -3.99341185982724 -3.99353708378525 0.794782714861766 -0.775103750768556 -1.02940963401631 -0.508962659038299 0.660831285472482 0.411368765507144 -1.36933759945786
-3.98522375794086 -4.00892473937722 -3.99754089747351 1.15527613377035 0.224129799938086 -0.708742076835016 0.275078384380993 -1.68090128597989 2.27499419080699 1.21364763320555
-3.99858891490544 -3.9903026044895 -3.9924738834866 1.93552645222806 0.0893894859004783 1.93713217275949 -0.999914713381919 0.776838886197787 0.725882891994419 0.358043340396268
-3.99620855900478 -3.98484018699887 -4.00983450510189 -0.506629175035579 1.57270386702695 1.71085786459316 -0.257356918619329 -0.0855949382999728 0.391609888115754 -0.915828579917203
8.00338086758746 8.01151967557229 7.99955218015745 -0.643595479212536 -0.33187323410637 -0.944659786207637 0.184494423157324 -0.174037407974869 -1.88504892259394 -0.477457003478777
8.0335177520527 8.01135563466436 8.02040040959424 -0.795627498800265 -0.0231091894285841 -0.453768791715794 -0.279264818142816 -1.43748502190007 1.87279467862979 2.12001630165277
7.99733821563168 7.99955434722455 8.00754670431906 0.720283254960874 -0.716301253222237 -1.38412226504837 -0.672035861523703 -0.46132182864207 0.254179667638996 0.942357538066157
8.0040099981275 8.00002300258604 7.98855231981332 0.326504594259468 -0.0765281141263832 -1.1884613394049 -0.801561135124599 -1.0701286490175 -0.763935597753461 -0.864935758519769
8.01167175090504 8.00290667034622 7.9935333691363 0.337167100148486 -0.877325645963368 -0.365782084767695 -0.671253848866428 1.12056759970496 0.383479717437506 -0.410587017870364
-7.99721063161305 -7.99906470167688 -8.0014099997214 -0.763599882190316 -1.17329161299747 -1.31845991650453 -0.714975032160185 0.493920152436127 1.15960303092132 -1.76487802298339
-8.01234380311421 -8.01401279374988 -8.0106053440775 0.324911118380664 0.882204891544508 -0.962909443965394 0.366236324445698 1.9484720762912 0.113536146615273 0.100041234178719
-8.00158926030312 -8.01253380970061 -8.01230732519355 0.334623197865517 -1.36309913322057 1.17258324169109 0.72363471782995 -1.41267791621778 -1.13143686298859 0.5339716472632
-7.97922141359343 -8.00827357797926 -7.98449468698889 0.0650812215199645 -0.652967578361648 -1.51202645376767 -0.834439901777568 0.244511537935121 -1.00254935097413 -1.4051215922812
-7.9956068309304 -8.00488707637834 -8.00684214289395 -0.919401910889927 -2.37491898281401 -1.27736911536817 -0.269241679535278 0.595949588502812 0.742042677338379 0.572417169391015
WEIGHT_MONITOR 0 5 1 5 2 5 
END // This is optional